image: /home/duzhong/dzacs/src/resource/maps/map0405.pgm
resolution: 0.040000
origin: [-2.000000, -6.020000, 0.000000]
negate: 0
occupied_thresh: 0.65
free_thresh: 0.196

